57913.46
50146.12
71625.45
27606.77
43844.02
34839.82
181892.52
102596.46
373249.91
680600.72
344297.93
562512.53
399023.37
563786.29
322428.23
296581.99
10964.84
7727.07
26556.17
6377.56
7912.57
11631.74
10983.18
11766.74
472320.06
510913.71
102413.18
24154.91
330553.36
462239.59
264961.82
85422.19
208665.53
384238.30
480006.94
619235.60
165257.17
386367.81
533867.20
26041.56
404838.77
306309.92
344792.50
459063.40
197519.54
163831.12
313938.90
231856.53
100298.71
106798.13
217818.59
296946.77
20947.39
194986.81
78450.77
72447.83
134220.52
25354.01
149668.78
197946.34
68416.11
11049.94
63997.69
33561.31
85058.83
45969.10
119506.14
104220.47
128618.20
216965.06
260433.70
168426.60
269102.63
717965.55
6248.56
147042.09
204467.85
532364.07
589076.54
167899.10
133572.66
344594.37
227581.84
92684.01
601387.33
901277.44
181831.06
177901.74
326569.37
403890.62
69006.53
568123.25
247194.50
148760.81
176610.19
215290.23
139845.06
215502.50
303933.87
83450.42
242584.39
332982.66
365248.05
190832.92
72410.85
70473.65
37832.55
125328.25
277660.61
268586.85
289056.97
275424.79
16474.42
13873.23
10654.45
13240.95
11794.22
10587.45
11558.67
12733.31
1223.56
5641.57
419881.02
446750.51
454998.52
351367.02
339315.05
492247.88
440276.60
401361.63
520070.08
676245.15
417676.36
285770.85
453065.70
326811.21
274196.50
456209.00
221460.88
425448.40
355486.39
505577.18
391398.03
475195.49
140293.46
199043.87
139453.44
110245.45
170990.12
495715.41
331200.65
260347.17
316176.15
495334.82
363798.82
189756.46
395275.53
182198.79
252073.90
424884.43
155401.21
185079.68
241630.13
253348.89
253591.01
92611.16
181330.43
154037.48
321497.12
254024.69
255596.36
144450.06
370637.88
374594.89
562452.13
617329.98
542027.28
177601.06
495583.70
416719.57
337608.83
509891.63
461552.15
387656.89
525040.80
401338.35
347613.17
267145.74
242805.57
545282.56
436713.25
531508.10
532064.55
512844.64
93507.23
169793.29
88577.79
557847.35
128052.27
121246.35
487447.25
182755.27
643066.05
383719.14
217260.51
651942.15
152569.78
191895.16
596970.10
195323.70
77474.04
95580.32
200081.09
450212.94
24875.87
334686.60
405011.79
324926.89
336218.85
329257.62
207095.41
168872.81
104414.42
203277.36
143358.83
214896.94
177803.89
166250.69
206032.65
282405.96
106335.20
402331.27
554785.97
105022.04
431553.89
32080.02
266848.51
166939.38
66141.36
313067.22
360329.51
172350.06
203737.18
277125.85
111065.07
115034.79
273638.65
109718.06
204676.90
142918.46
232930.87
157963.27
453083.61
167124.87
31149.13
74357.68
177905.52
133467.65
108290.57
325944.15
240761.67
277257.66
271220.90
308319.08
300608.54
93994.84
219532.26
504970.43
114172.32
358975.03
150688.04
159888.64
155551.31
79979.45
83948.62
314610.46
359513.53
426253.73
168801.05
333417.63
14544.65
125598.97
93821.19
263113.40
84074.83
204521.00
152071.48
448594.35
339287.18
80203.97
152534.78
94386.10
143218.16
76353.59
178082.08
70884.07
54094.49
32424.96
75720.31
10474.18
11899.24
161052.50
367624.53
45214.50
128374.08
365724.61
61548.51
129047.82
104075.10
53973.38
43130.24
37793.20
47603.50
35342.38
281993.43
382270.74
2651.67
310870.54
419559.47
112616.78
65517.20
145432.92
124881.19
100038.91
120391.12
216571.94
80965.95
83816.75
124278.12
70325.38
137679.14
73152.97
168532.00
136007.93
100196.51
40937.46
19081.68
2029.39
1265.22
1787.88
1138.96
1293.65
985.42
593.78
23701.89
783.13
784.99
639.8
548.69
533.15
553.31
595.93
719.12
609.02
577.19
43137.09
36718.22
47581.17
67581.52
71170.30
71404.03
166416.84
103598.38
1960.92
936.69
4483.55
10165.65
1384.76
427741.17
91429.40
213935.70
133911.03
111705.23
203512.89
102806.98
81396.50
90510.55
111669.99
100345.30
112372.00
125483.60
70079.44
143774.04
460128.87
120235.68
119695.39
109215.80
112945.07
373637.31
404436.03
349062.40
252559.07
34372.97
55033.88
249914.23
472394.81
40404.33
56825.17
28760.85
323816.96
162562.01
72363.06
61065.84
661050.50
90114.47
32290.80
149748.72
113716.58
561170.39
164409.83
121717.97
182649.11
5116.82
178041.30
35095.53
371393.68
103119.61
8798.21
67415.97
292387.78
110171.53
371914.31
87860.11
115672.60
268295.60
47836.58
68871.52
109199.29
95573.11
45646.10
162710.17
14020.33
11959.59
131565.60
47219.19
156528.13
102819.22
158910.29
227605.31
78974.75
33904.94
110391.09
85963.31
212579.27
153628.22
90501.71
59398.97
1992.17
64713.62
579388.86
11554.31
13241.76
83771.46
694.7
7038.67
27588.83
26460.48
98404.87
81440.65
2538.54
6532.29
30955.65
73885.23
19309.88
9933.30
66620.54
22.04
168.27
12446.99
7600.80
64764.30
37049.86
19177.03
85279.08
2054.69
27043.70
77.05
22924.86
134054.00
69522.87
48733.13
51218.54
8063.78
136732.43
56848.66
66809.59
266.12
238.82
216.95
181.93
174.59
157.87
156.33
145
140.64
132.96
129.47
128.59
127.13
120.49
50.33
33.06
371939.78
41225.57
41114.90
25531.47
2566.41
46051.24
48790.74
239248.43
1229.03
1533.63
97074.11
12466.28
6154.13
165425.00
21618.98
46343.95
19383.65
3273.57
2987.40
4855.74
6923.03
9203.17
7601.48
1095.37
3697.83
1015.19
962.9
2012.42
145315.44
29542.88
82530.89
19688.31
20315.68
23426.54
2434.21
22.97
22.97
15957.74
689.43
2728.75
1224.48
9991.30
3767.07
13449.23
6385.37
57.94
39.04
42560.10
14959.97
8807.15
3060.63
265.1
5402.18
20295.87
14580.83
39689.18
33278.71
179
425.69
176802.82
7512.07
5096.64
42.4
1796.69
1660.82
1750.74
1367.87
8164.51
323.47
145194.28
1505.28
5504.24
14330.59
71418.04
10797.91
3071.09
2504.73
6153.59
97499.17
1724.54
42866.76
312.74
72417.95
327.43
23247.50
56294.80
19093.08
74733.96
2324.22
6713.32
16866.39
6381.56
3348.64
22666.43
1471.57
427.83
303.19
125.87
119.64
577.95
550.66
3043.06
6548.70
14697.54
6976.80
12644.09
3963.30
10530.86
2426.82
995.65
